0
1
1001
-500.0 1001.0
-499.0 1000.0
-498.0 999.0
-497.0 998.0
-496.0 997.0
-495.0 996.0
-494.0 995.0
-493.0 994.0
-492.0 993.0
-491.0 992.0
-490.0 991.0
-489.0 990.0
-488.0 989.0
-487.0 988.0
-486.0 987.0
-485.0 986.0
-484.0 985.0
-483.0 984.0
-482.0 983.0
-481.0 982.0
-480.0 981.0
-479.0 980.0
-478.0 979.0
-477.0 978.0
-476.0 977.0
-475.0 976.0
-474.0 975.0
-473.0 974.0
-472.0 973.0
-471.0 972.0
-470.0 971.0
-469.0 970.0
-468.0 969.0
-467.0 968.0
-466.0 967.0
-465.0 966.0
-464.0 965.0
-463.0 964.0
-462.0 963.0
-461.0 962.0
-460.0 961.0
-459.0 960.0
-458.0 959.0
-457.0 958.0
-456.0 957.0
-455.0 956.0
-454.0 955.0
-453.0 954.0
-452.0 953.0
-451.0 952.0
-450.0 951.0
-449.0 950.0
-448.0 949.0
-447.0 948.0
-446.0 947.0
-445.0 946.0
-444.0 945.0
-443.0 944.0
-442.0 943.0
-441.0 942.0
-440.0 941.0
-439.0 940.0
-438.0 939.0
-437.0 938.0
-436.0 937.0
-435.0 936.0
-434.0 935.0
-433.0 934.0
-432.0 933.0
-431.0 932.0
-430.0 931.0
-429.0 930.0
-428.0 929.0
-427.0 928.0
-426.0 927.0
-425.0 926.0
-424.0 925.0
-423.0 924.0
-422.0 923.0
-421.0 922.0
-420.0 921.0
-419.0 920.0
-418.0 919.0
-417.0 918.0
-416.0 917.0
-415.0 916.0
-414.0 915.0
-413.0 914.0
-412.0 913.0
-411.0 912.0
-410.0 911.0
-409.0 910.0
-408.0 909.0
-407.0 908.0
-406.0 907.0
-405.0 906.0
-404.0 905.0
-403.0 904.0
-402.0 903.0
-401.0 902.0
-400.0 901.0
-399.0 900.0
-398.0 899.0
-397.0 898.0
-396.0 897.0
-395.0 896.0
-394.0 895.0
-393.0 894.0
-392.0 893.0
-391.0 892.0
-390.0 891.0
-389.0 890.0
-388.0 889.0
-387.0 888.0
-386.0 887.0
-385.0 886.0
-384.0 885.0
-383.0 884.0
-382.0 883.0
-381.0 882.0
-380.0 881.0
-379.0 880.0
-378.0 879.0
-377.0 878.0
-376.0 877.0
-375.0 876.0
-374.0 875.0
-373.0 874.0
-372.0 873.0
-371.0 872.0
-370.0 871.0
-369.0 870.0
-368.0 869.0
-367.0 868.0
-366.0 867.0
-365.0 866.0
-364.0 865.0
-363.0 864.0
-362.0 863.0
-361.0 862.0
-360.0 861.0
-359.0 860.0
-358.0 859.0
-357.0 858.0
-356.0 857.0
-355.0 856.0
-354.0 855.0
-353.0 854.0
-352.0 853.0
-351.0 852.0
-350.0 851.0
-349.0 850.0
-348.0 849.0
-347.0 848.0
-346.0 847.0
-345.0 846.0
-344.0 845.0
-343.0 844.0
-342.0 843.0
-341.0 842.0
-340.0 841.0
-339.0 840.0
-338.0 839.0
-337.0 838.0
-336.0 837.0
-335.0 836.0
-334.0 835.0
-333.0 834.0
-332.0 833.0
-331.0 832.0
-330.0 831.0
-329.0 830.0
-328.0 829.0
-327.0 828.0
-326.0 827.0
-325.0 826.0
-324.0 825.0
-323.0 824.0
-322.0 823.0
-321.0 822.0
-320.0 821.0
-319.0 820.0
-318.0 819.0
-317.0 818.0
-316.0 817.0
-315.0 816.0
-314.0 815.0
-313.0 814.0
-312.0 813.0
-311.0 812.0
-310.0 811.0
-309.0 810.0
-308.0 809.0
-307.0 808.0
-306.0 807.0
-305.0 806.0
-304.0 805.0
-303.0 804.0
-302.0 803.0
-301.0 802.0
-300.0 801.0
-299.0 800.0
-298.0 799.0
-297.0 798.0
-296.0 797.0
-295.0 796.0
-294.0 795.0
-293.0 794.0
-292.0 793.0
-291.0 792.0
-290.0 791.0
-289.0 790.0
-288.0 789.0
-287.0 788.0
-286.0 787.0
-285.0 786.0
-284.0 785.0
-283.0 784.0
-282.0 783.0
-281.0 782.0
-280.0 781.0
-279.0 780.0
-278.0 779.0
-277.0 778.0
-276.0 777.0
-275.0 776.0
-274.0 775.0
-273.0 774.0
-272.0 773.0
-271.0 772.0
-270.0 771.0
-269.0 770.0
-268.0 769.0
-267.0 768.0
-266.0 767.0
-265.0 766.0
-264.0 765.0
-263.0 764.0
-262.0 763.0
-261.0 762.0
-260.0 761.0
-259.0 760.0
-258.0 759.0
-257.0 758.0
-256.0 757.0
-255.0 756.0
-254.0 755.0
-253.0 754.0
-252.0 753.0
-251.0 752.0
-250.0 751.0
-249.0 750.0
-248.0 749.0
-247.0 748.0
-246.0 747.0
-245.0 746.0
-244.0 745.0
-243.0 744.0
-242.0 743.0
-241.0 742.0
-240.0 741.0
-239.0 740.0
-238.0 739.0
-237.0 738.0
-236.0 737.0
-235.0 736.0
-234.0 735.0
-233.0 734.0
-232.0 733.0
-231.0 732.0
-230.0 731.0
-229.0 730.0
-228.0 729.0
-227.0 728.0
-226.0 727.0
-225.0 726.0
-224.0 725.0
-223.0 724.0
-222.0 723.0
-221.0 722.0
-220.0 721.0
-219.0 720.0
-218.0 719.0
-217.0 718.0
-216.0 717.0
-215.0 716.0
-214.0 715.0
-213.0 714.0
-212.0 713.0
-211.0 712.0
-210.0 711.0
-209.0 710.0
-208.0 709.0
-207.0 708.0
-206.0 707.0
-205.0 706.0
-204.0 705.0
-203.0 704.0
-202.0 703.0
-201.0 702.0
-200.0 701.0
-199.0 700.0
-198.0 699.0
-197.0 698.0
-196.0 697.0
-195.0 696.0
-194.0 695.0
-193.0 694.0
-192.0 693.0
-191.0 692.0
-190.0 691.0
-189.0 690.0
-188.0 689.0
-187.0 688.0
-186.0 687.0
-185.0 686.0
-184.0 685.0
-183.0 684.0
-182.0 683.0
-181.0 682.0
-180.0 681.0
-179.0 680.0
-178.0 679.0
-177.0 678.0
-176.0 677.0
-175.0 676.0
-174.0 675.0
-173.0 674.0
-172.0 673.0
-171.0 672.0
-170.0 671.0
-169.0 670.0
-168.0 669.0
-167.0 668.0
-166.0 667.0
-165.0 666.0
-164.0 665.0
-163.0 664.0
-162.0 663.0
-161.0 662.0
-160.0 661.0
-159.0 660.0
-158.0 659.0
-157.0 658.0
-156.0 657.0
-155.0 656.0
-154.0 655.0
-153.0 654.0
-152.0 653.0
-151.0 652.0
-150.0 651.0
-149.0 650.0
-148.0 649.0
-147.0 648.0
-146.0 647.0
-145.0 646.0
-144.0 645.0
-143.0 644.0
-142.0 643.0
-141.0 642.0
-140.0 641.0
-139.0 640.0
-138.0 639.0
-137.0 638.0
-136.0 637.0
-135.0 636.0
-134.0 635.0
-133.0 634.0
-132.0 633.0
-131.0 632.0
-130.0 631.0
-129.0 630.0
-128.0 629.0
-127.0 628.0
-126.0 627.0
-125.0 626.0
-124.0 625.0
-123.0 624.0
-122.0 623.0
-121.0 622.0
-120.0 621.0
-119.0 620.0
-118.0 619.0
-117.0 618.0
-116.0 617.0
-115.0 616.0
-114.0 615.0
-113.0 614.0
-112.0 613.0
-111.0 612.0
-110.0 611.0
-109.0 610.0
-108.0 609.0
-107.0 608.0
-106.0 607.0
-105.0 606.0
-104.0 605.0
-103.0 604.0
-102.0 603.0
-101.0 602.0
-100.0 601.0
-99.0 600.0
-98.0 599.0
-97.0 598.0
-96.0 597.0
-95.0 596.0
-94.0 595.0
-93.0 594.0
-92.0 593.0
-91.0 592.0
-90.0 591.0
-89.0 590.0
-88.0 589.0
-87.0 588.0
-86.0 587.0
-85.0 586.0
-84.0 585.0
-83.0 584.0
-82.0 583.0
-81.0 582.0
-80.0 581.0
-79.0 580.0
-78.0 579.0
-77.0 578.0
-76.0 577.0
-75.0 576.0
-74.0 575.0
-73.0 574.0
-72.0 573.0
-71.0 572.0
-70.0 571.0
-69.0 570.0
-68.0 569.0
-67.0 568.0
-66.0 567.0
-65.0 566.0
-64.0 565.0
-63.0 564.0
-62.0 563.0
-61.0 562.0
-60.0 561.0
-59.0 560.0
-58.0 559.0
-57.0 558.0
-56.0 557.0
-55.0 556.0
-54.0 555.0
-53.0 554.0
-52.0 553.0
-51.0 552.0
-50.0 551.0
-49.0 550.0
-48.0 549.0
-47.0 548.0
-46.0 547.0
-45.0 546.0
-44.0 545.0
-43.0 544.0
-42.0 543.0
-41.0 542.0
-40.0 541.0
-39.0 540.0
-38.0 539.0
-37.0 538.0
-36.0 537.0
-35.0 536.0
-34.0 535.0
-33.0 534.0
-32.0 533.0
-31.0 532.0
-30.0 531.0
-29.0 530.0
-28.0 529.0
-27.0 528.0
-26.0 527.0
-25.0 526.0
-24.0 525.0
-23.0 524.0
-22.0 523.0
-21.0 522.0
-20.0 521.0
-19.0 520.0
-18.0 519.0
-17.0 518.0
-16.0 517.0
-15.0 516.0
-14.0 515.0
-13.0 514.0
-12.0 513.0
-11.0 512.0
-10.0 511.0
-9.0 510.0
-8.0 509.0
-7.0 508.0
-6.0 507.0
-5.0 506.0
-4.0 505.0
-3.0 504.0
-2.0 503.0
-1.0 502.0
-0.0 501.0
1.0 500.0
2.0 499.0
3.0 498.0
4.0 497.0
5.0 496.0
6.0 495.0
7.0 494.0
8.0 493.0
9.0 492.0
10.0 491.0
11.0 490.0
12.0 489.0
13.0 488.0
14.0 487.0
15.0 486.0
16.0 485.0
17.0 484.0
18.0 483.0
19.0 482.0
20.0 481.0
21.0 480.0
22.0 479.0
23.0 478.0
24.0 477.0
25.0 476.0
26.0 475.0
27.0 474.0
28.0 473.0
29.0 472.0
30.0 471.0
31.0 470.0
32.0 469.0
33.0 468.0
34.0 467.0
35.0 466.0
36.0 465.0
37.0 464.0
38.0 463.0
39.0 462.0
40.0 461.0
41.0 460.0
42.0 459.0
43.0 458.0
44.0 457.0
45.0 456.0
46.0 455.0
47.0 454.0
48.0 453.0
49.0 452.0
50.0 451.0
51.0 450.0
52.0 449.0
53.0 448.0
54.0 447.0
55.0 446.0
56.0 445.0
57.0 444.0
58.0 443.0
59.0 442.0
60.0 441.0
61.0 440.0
62.0 439.0
63.0 438.0
64.0 437.0
65.0 436.0
66.0 435.0
67.0 434.0
68.0 433.0
69.0 432.0
70.0 431.0
71.0 430.0
72.0 429.0
73.0 428.0
74.0 427.0
75.0 426.0
76.0 425.0
77.0 424.0
78.0 423.0
79.0 422.0
80.0 421.0
81.0 420.0
82.0 419.0
83.0 418.0
84.0 417.0
85.0 416.0
86.0 415.0
87.0 414.0
88.0 413.0
89.0 412.0
90.0 411.0
91.0 410.0
92.0 409.0
93.0 408.0
94.0 407.0
95.0 406.0
96.0 405.0
97.0 404.0
98.0 403.0
99.0 402.0
100.0 401.0
101.0 400.0
102.0 399.0
103.0 398.0
104.0 397.0
105.0 396.0
106.0 395.0
107.0 394.0
108.0 393.0
109.0 392.0
110.0 391.0
111.0 390.0
112.0 389.0
113.0 388.0
114.0 387.0
115.0 386.0
116.0 385.0
117.0 384.0
118.0 383.0
119.0 382.0
120.0 381.0
121.0 380.0
122.0 379.0
123.0 378.0
124.0 377.0
125.0 376.0
126.0 375.0
127.0 374.0
128.0 373.0
129.0 372.0
130.0 371.0
131.0 370.0
132.0 369.0
133.0 368.0
134.0 367.0
135.0 366.0
136.0 365.0
137.0 364.0
138.0 363.0
139.0 362.0
140.0 361.0
141.0 360.0
142.0 359.0
143.0 358.0
144.0 357.0
145.0 356.0
146.0 355.0
147.0 354.0
148.0 353.0
149.0 352.0
150.0 351.0
151.0 350.0
152.0 349.0
153.0 348.0
154.0 347.0
155.0 346.0
156.0 345.0
157.0 344.0
158.0 343.0
159.0 342.0
160.0 341.0
161.0 340.0
162.0 339.0
163.0 338.0
164.0 337.0
165.0 336.0
166.0 335.0
167.0 334.0
168.0 333.0
169.0 332.0
170.0 331.0
171.0 330.0
172.0 329.0
173.0 328.0
174.0 327.0
175.0 326.0
176.0 325.0
177.0 324.0
178.0 323.0
179.0 322.0
180.0 321.0
181.0 320.0
182.0 319.0
183.0 318.0
184.0 317.0
185.0 316.0
186.0 315.0
187.0 314.0
188.0 313.0
189.0 312.0
190.0 311.0
191.0 310.0
192.0 309.0
193.0 308.0
194.0 307.0
195.0 306.0
196.0 305.0
197.0 304.0
198.0 303.0
199.0 302.0
200.0 301.0
201.0 300.0
202.0 299.0
203.0 298.0
204.0 297.0
205.0 296.0
206.0 295.0
207.0 294.0
208.0 293.0
209.0 292.0
210.0 291.0
211.0 290.0
212.0 289.0
213.0 288.0
214.0 287.0
215.0 286.0
216.0 285.0
217.0 284.0
218.0 283.0
219.0 282.0
220.0 281.0
221.0 280.0
222.0 279.0
223.0 278.0
224.0 277.0
225.0 276.0
226.0 275.0
227.0 274.0
228.0 273.0
229.0 272.0
230.0 271.0
231.0 270.0
232.0 269.0
233.0 268.0
234.0 267.0
235.0 266.0
236.0 265.0
237.0 264.0
238.0 263.0
239.0 262.0
240.0 261.0
241.0 260.0
242.0 259.0
243.0 258.0
244.0 257.0
245.0 256.0
246.0 255.0
247.0 254.0
248.0 253.0
249.0 252.0
250.0 251.0
251.0 250.0
252.0 249.0
253.0 248.0
254.0 247.0
255.0 246.0
256.0 245.0
257.0 244.0
258.0 243.0
259.0 242.0
260.0 241.0
261.0 240.0
262.0 239.0
263.0 238.0
264.0 237.0
265.0 236.0
266.0 235.0
267.0 234.0
268.0 233.0
269.0 232.0
270.0 231.0
271.0 230.0
272.0 229.0
273.0 228.0
274.0 227.0
275.0 226.0
276.0 225.0
277.0 224.0
278.0 223.0
279.0 222.0
280.0 221.0
281.0 220.0
282.0 219.0
283.0 218.0
284.0 217.0
285.0 216.0
286.0 215.0
287.0 214.0
288.0 213.0
289.0 212.0
290.0 211.0
291.0 210.0
292.0 209.0
293.0 208.0
294.0 207.0
295.0 206.0
296.0 205.0
297.0 204.0
298.0 203.0
299.0 202.0
300.0 201.0
301.0 200.0
302.0 199.0
303.0 198.0
304.0 197.0
305.0 196.0
306.0 195.0
307.0 194.0
308.0 193.0
309.0 192.0
310.0 191.0
311.0 190.0
312.0 189.0
313.0 188.0
314.0 187.0
315.0 186.0
316.0 185.0
317.0 184.0
318.0 183.0
319.0 182.0
320.0 181.0
321.0 180.0
322.0 179.0
323.0 178.0
324.0 177.0
325.0 176.0
326.0 175.0
327.0 174.0
328.0 173.0
329.0 172.0
330.0 171.0
331.0 170.0
332.0 169.0
333.0 168.0
334.0 167.0
335.0 166.0
336.0 165.0
337.0 164.0
338.0 163.0
339.0 162.0
340.0 161.0
341.0 160.0
342.0 159.0
343.0 158.0
344.0 157.0
345.0 156.0
346.0 155.0
347.0 154.0
348.0 153.0
349.0 152.0
350.0 151.0
351.0 150.0
352.0 149.0
353.0 148.0
354.0 147.0
355.0 146.0
356.0 145.0
357.0 144.0
358.0 143.0
359.0 142.0
360.0 141.0
361.0 140.0
362.0 139.0
363.0 138.0
364.0 137.0
365.0 136.0
366.0 135.0
367.0 134.0
368.0 133.0
369.0 132.0
370.0 131.0
371.0 130.0
372.0 129.0
373.0 128.0
374.0 127.0
375.0 126.0
376.0 125.0
377.0 124.0
378.0 123.0
379.0 122.0
380.0 121.0
381.0 120.0
382.0 119.0
383.0 118.0
384.0 117.0
385.0 116.0
386.0 115.0
387.0 114.0
388.0 113.0
389.0 112.0
390.0 111.0
391.0 110.0
392.0 109.0
393.0 108.0
394.0 107.0
395.0 106.0
396.0 105.0
397.0 104.0
398.0 103.0
399.0 102.0
400.0 101.0
401.0 100.0
402.0 99.0
403.0 98.0
404.0 97.0
405.0 96.0
406.0 95.0
407.0 94.0
408.0 93.0
409.0 92.0
410.0 91.0
411.0 90.0
412.0 89.0
413.0 88.0
414.0 87.0
415.0 86.0
416.0 85.0
417.0 84.0
418.0 83.0
419.0 82.0
420.0 81.0
421.0 80.0
422.0 79.0
423.0 78.0
424.0 77.0
425.0 76.0
426.0 75.0
427.0 74.0
428.0 73.0
429.0 72.0
430.0 71.0
431.0 70.0
432.0 69.0
433.0 68.0
434.0 67.0
435.0 66.0
436.0 65.0
437.0 64.0
438.0 63.0
439.0 62.0
440.0 61.0
441.0 60.0
442.0 59.0
443.0 58.0
444.0 57.0
445.0 56.0
446.0 55.0
447.0 54.0
448.0 53.0
449.0 52.0
450.0 51.0
451.0 50.0
452.0 49.0
453.0 48.0
454.0 47.0
455.0 46.0
456.0 45.0
457.0 44.0
458.0 43.0
459.0 42.0
460.0 41.0
461.0 40.0
462.0 39.0
463.0 38.0
464.0 37.0
465.0 36.0
466.0 35.0
467.0 34.0
468.0 33.0
469.0 32.0
470.0 31.0
471.0 30.0
472.0 29.0
473.0 28.0
474.0 27.0
475.0 26.0
476.0 25.0
477.0 24.0
478.0 23.0
479.0 22.0
480.0 21.0
481.0 20.0
482.0 19.0
483.0 18.0
484.0 17.0
485.0 16.0
486.0 15.0
487.0 14.0
488.0 13.0
489.0 12.0
490.0 11.0
491.0 10.0
492.0 9.0
493.0 8.0
494.0 7.0
495.0 6.0
496.0 5.0
497.0 4.0
498.0 3.0
499.0 2.0
500.0 1.0
