0
1
16
162.962 0.0
6.1078438912598285 2.621756085987522
8.586285925823809 -1.8408890892514698
16.720582675253876 1.2468708349293232
12.923374675370209 0.5818217615576304
5.942870855066598 2.0989797855283547
0.9162848901951838 -2.9360637114470736
2.402211689256382 1.8426345020749844
3.534 -3.141592653589793
2.402211689256382 -1.8426345020749844
0.9162848901951838 2.9360637114470736
5.942870855066598 -2.0989797855283547
12.923924249236377 -0.5818864062335016
16.720582675253876 -1.2468708349293232
8.586285925823809 1.8408890892514698
6.1078438912598285 -2.621756085987522
